[-1.34664795e+02 -1.25041581e+02 -1.14645622e+02 -1.03632465e+02
 -9.21461967e+01 -8.03199620e+01 -6.82764670e+01 -5.61284636e+01
 -4.39792198e+01 -3.19229751e+01 -2.00453801e+01 -8.42392257e+00
  2.87166117e+00  1.37789885e+01  2.42426460e+01  3.42138187e+01
  4.36499314e+01  5.25143027e+01  6.07758118e+01  6.84085761e+01
  7.53916414e+01  8.17086831e+01  8.73477175e+01  9.23008256e+01
  9.65638856e+01  1.00136317e+02  1.03020832e+02  1.05223201e+02
  1.06752025e+02  1.07618514e+02  1.07836280e+02  1.07421134e+02
  1.06390897e+02  1.04765212e+02  1.02565369e+02  9.98141349e+01
  9.65355954e+01  9.27549979e+01  8.84986062e+01  8.37935601e+01
  7.86677423e+01  7.31496513e+01  6.72682813e+01  6.10530073e+01
  5.45334770e+01  4.77395075e+01  4.07009887e+01  3.34477909e+01
  2.60096783e+01  1.84162277e+01  1.06967513e+01  2.88022473e+00
 -5.00477991e+00 -1.29301576e+01 -2.08683291e+01 -2.87922953e+01
 -3.66756883e+01 -4.44928180e+01 -5.22187153e+01 -5.98291717e+01
 -6.73007756e+01 -7.46109447e+01 -8.17379562e+01 -8.86609730e+01
 -9.53600675e+01 -1.01816242e+02 -1.08011448e+02 -1.13928599e+02
 -1.19551588e+02 -1.24865292e+02 -1.29855587e+02 -1.34509347e+02
 -1.38814455e+02 -1.42759799e+02 -1.46335276e+02 -1.49531787e+02
 -1.52341238e+02 -1.54756529e+02 -1.56771552e+02 -1.58381180e+02
 -1.59581260e+02 -1.60368597e+02 -1.60740948e+02 -1.60697004e+02
 -1.60236376e+02 -1.59359582e+02 -1.58068027e+02 -1.56363986e+02
 -1.54250590e+02 -1.51731798e+02 -1.48812386e+02 -1.45497920e+02
 -1.41794738e+02 -1.37709925e+02 -1.33251296e+02 -1.28427366e+02
 -1.23247332e+02 -1.17721046e+02 -1.11858992e+02 -1.05672264e+02
 -9.91725359e+01 -9.23720407e+01 -8.52835444e+01 -7.79203204e+01
 -7.02961240e+01 -6.24251677e+01 -5.43220947e+01 -4.60019544e+01
 -3.74801761e+01 -2.87725441e+01 -1.98951722e+01 -1.08644785e+01
 -1.69716020e+00  7.58983119e+00  1.69793147e+01  2.64539043e+01
  3.59960334e+01  4.55879786e+01  5.52118841e+01  6.48497842e+01
  7.44836276e+01  8.40952992e+01  9.36666436e+01  1.03179486e+02
  1.12615657e+02  1.21957008e+02  1.31185440e+02  1.40282917e+02
  1.49231491e+02  1.58013321e+02  1.66610689e+02  1.75006023e+02
  1.83181913e+02  1.91121131e+02  1.98806645e+02  2.06221640e+02
  2.13349530e+02  2.20173979e+02  2.26678914e+02  2.32848538e+02
  2.38667349e+02  2.44120149e+02  2.49192064e+02  2.53868549e+02
  2.58135407e+02  2.61978797e+02  2.65385249e+02  2.68341672e+02
  2.70835364e+02  2.72854026e+02  2.74385766e+02  2.75419113e+02
  2.75943022e+02  2.75946883e+02  2.75420529e+02  2.74354241e+02
  2.72738758e+02  2.70565278e+02  2.67825468e+02  2.64511468e+02
  2.60615891e+02  2.56131835e+02  2.51052878e+02  2.45373090e+02
  2.39087027e+02  2.32189739e+02  2.24676770e+02  2.16544158e+02
  2.07788439e+02  1.98406644e+02  1.88396301e+02  1.77755436e+02
  1.66482570e+02  1.54576715e+02  1.42037382e+02  1.28864568e+02
  1.15058760e+02  1.00620934e+02  8.55525444e+01  6.98555291e+01
  5.35323003e+01  3.65857426e+01  1.90192087e+01  8.36513707e-01
 -1.79580686e+01 -3.73598120e+01 -5.73635427e+01 -7.79636455e+01
 -9.91540701e+01 -1.20928337e+02 -1.43279544e+02 -1.66200374e+02
 -1.89683102e+02 -2.13719600e+02 -2.38301348e+02 -2.63419441e+02
 -2.89064594e+02 -3.15227155e+02 -3.41897109e+02 -3.69064089e+02
 -3.96717383e+02 -4.24845946e+02 -4.53438406e+02 -4.82483073e+02
 -5.11967951e+02 -5.41880746e+02 -5.72208873e+02 -6.02939471e+02
 -6.34059409e+02 -6.65555295e+02 -6.97413491e+02 -7.29620117e+02
 -7.62161065e+02 -7.95022008e+02 -8.28188411e+02 -8.61645539e+02
 -8.95378470e+02 -9.29372104e+02 -9.63611174e+02 -9.98080256e+02
 -1.03276378e+03 -1.06764604e+03 -1.10271120e+03 -1.13794332e+03
 -1.17332635e+03 -1.20884413e+03 -1.24448045e+03 -1.28021899e+03
 -1.31604339e+03 -1.35193724e+03 -1.38788407e+03 -1.42386738e+03
 -1.45987066e+03 -1.49587738e+03 -1.53187101e+03 -1.56783503e+03
 -1.60375293e+03 -1.63960823e+03 -1.67538449e+03 -1.71106532e+03
 -1.74663437e+03 -1.78207537e+03 -1.81737211e+03 -1.85250849e+03
 -1.88746847e+03 -1.92223614e+03 -1.95679567e+03 -1.99113138e+03
 -2.02522770e+03 -2.05906919e+03 -2.09264057e+03 -2.12592670e+03
 -2.15891261e+03 -2.19158348e+03 -2.22392467e+03 -2.25592174e+03
 -2.28756043e+03 -2.31882667e+03 -2.34970659e+03 -2.38018655e+03
 -2.41025310e+03 -2.43989305e+03 -2.46909341e+03 -2.49784144e+03
 -2.52612463e+03 -2.55393072e+03 -2.58124773e+03 -2.60806390e+03
 -2.63436775e+03 -2.66014808e+03 -2.68539394e+03 -2.71009469e+03
 -2.73423994e+03 -2.75781961e+03 -2.78082390e+03 -2.80324331e+03
 -2.82506863e+03 -2.84629096e+03 -2.86690172e+03 -2.88689261e+03
 -2.90625565e+03 -2.92498319e+03 -2.94306789e+03 -2.96050272e+03
 -2.97728098e+03 -2.99339628e+03 -3.00884259e+03 -3.02361416e+03
 -3.03770561e+03 -3.05111187e+03 -3.06382820e+03 -3.07585019e+03
 -3.08717378e+03 -3.09779522e+03 -3.10771110e+03 -3.11691836e+03
 -3.12541426e+03 -3.13319639e+03 -3.14026268e+03 -3.14661138e+03
 -3.15224110e+03 -3.15715075e+03 -3.16133958e+03 -3.16480718e+03
 -3.16755346e+03 -3.16957864e+03 -3.17088330e+03 -3.17146830e+03
 -3.17133485e+03 -3.17048447e+03 -3.16891899e+03 -3.16664057e+03
 -3.16365166e+03 -3.15995503e+03 -3.15555375e+03 -3.15045120e+03
 -3.14465105e+03 -3.13815728e+03 -3.13097413e+03 -3.12310617e+03
 -3.11455823e+03 -3.10533543e+03 -3.09544316e+03 -3.08488709e+03
 -3.07367317e+03 -3.06180758e+03 -3.04929681e+03 -3.03614756e+03
 -3.02236681e+03 -3.00796178e+03 -2.99293994e+03 -2.97730897e+03
 -2.96107682e+03 -2.94425163e+03 -2.92684181e+03 -2.90885594e+03
 -2.89030283e+03 -2.87119151e+03 -2.85153119e+03 -2.83133129e+03
 -2.81060143e+03 -2.78935138e+03 -2.76759111e+03 -2.74533079e+03
 -2.72258070e+03 -2.69935134e+03 -2.67565332e+03 -2.65149744e+03
 -2.62689460e+03 -2.60185588e+03 -2.57639248e+03 -2.55051571e+03
 -2.52423701e+03 -2.49756795e+03 -2.47052018e+03 -2.44310548e+03
 -2.41533570e+03 -2.38722280e+03 -2.35877882e+03 -2.33001587e+03
 -2.30094613e+03 -2.27158185e+03 -2.24193535e+03 -2.21201899e+03
 -2.18184517e+03 -2.15142635e+03 -2.12077501e+03 -2.08990368e+03
 -2.05882487e+03 -2.02755116e+03 -1.99609509e+03 -1.96446925e+03
 -1.93268619e+03 -1.90075848e+03 -1.86869866e+03 -1.83651927e+03
 -1.80423281e+03 -1.77185175e+03 -1.73938852e+03 -1.70685553e+03
 -1.67426512e+03 -1.64162959e+03 -1.60896118e+03 -1.57627205e+03
 -1.54357432e+03 -1.51088002e+03 -1.47820110e+03 -1.44554942e+03
 -1.41293676e+03 -1.38037480e+03 -1.34787513e+03 -1.31544923e+03
 -1.28310846e+03 -1.25086408e+03 -1.21872723e+03 -1.18670892e+03
 -1.15482003e+03 -1.12307133e+03 -1.09147342e+03 -1.06003679e+03
 -1.02877177e+03 -9.97688545e+02 -9.66797148e+02 -9.36107456e+02
 -9.05629186e+02 -8.75371891e+02 -8.45344956e+02 -8.15557600e+02
 -7.86018863e+02 -7.56737612e+02 -7.27722531e+02 -6.98982125e+02
 -6.70524709e+02 -6.42358411e+02 -6.14491168e+02 -5.86930724e+02
 -5.59684623e+02 -5.32760214e+02 -5.06164643e+02 -4.79904854e+02
 -4.53987585e+02 -4.28419366e+02 -4.03206520e+02 -3.78355159e+02
 -3.53871181e+02 -3.29760272e+02 -3.06027903e+02 -2.82679328e+02
 -2.59719582e+02 -2.37153486e+02 -2.14985636e+02 -1.93220412e+02
 -1.71861971e+02 -1.50914249e+02 -1.30380961e+02 -1.10265597e+02
 -9.05714267e+01 -7.13014968e+01 -5.24586305e+01 -3.40454284e+01
 -1.60642687e+01  1.48269257e+00  1.85935215e+01  3.52665054e+01
  5.15001523e+01  6.72931904e+01  8.26445671e+01  9.75534480e+01
  1.12019216e+02  1.26041471e+02  1.39620026e+02  1.52754910e+02
  1.65446362e+02  1.77694833e+02  1.89500983e+02  2.00865679e+02
  2.11789994e+02  2.22275204e+02  2.32322787e+02  2.41934422e+02
  2.51111983e+02  2.59857542e+02  2.68173361e+02  2.76061894e+02
  2.83525784e+02  2.90567857e+02  2.97191125e+02  3.03398776e+02
  3.09194179e+02  3.14580875e+02  3.19562576e+02  3.24143166e+02
  3.28326690e+02  3.32117356e+02  3.35519533e+02  3.38537745e+02
  3.41176665e+02  3.43441118e+02  3.45336075e+02  3.46866646e+02
  3.48038081e+02  3.48855763e+02  3.49325209e+02  3.49452060e+02
  3.49242082e+02  3.48701160e+02  3.47835295e+02  3.46650600e+02
  3.45153294e+02  3.43349704e+02  3.41246251e+02  3.38849458e+02
  3.36165936e+02  3.33202383e+02  3.29965584e+02  3.26462399e+02
  3.22699768e+02  3.18684698e+02  3.14424264e+02  3.09925605e+02
  3.05195916e+02  3.00242448e+02  2.95072501e+02  2.89693420e+02
  2.84112592e+02  2.78337441e+02  2.72375424e+02  2.66234026e+02
  2.59920755e+02  2.53443142e+02  2.46808732e+02  2.40025080e+02
  2.33099751e+02  2.26040312e+02  2.18854328e+02  2.11549360e+02
  2.04132958e+02  1.96612660e+02  1.88995985e+02  1.81290432e+02
  1.73503472e+02  1.65642547e+02  1.57715066e+02  1.49728400e+02
  1.41689877e+02  1.33606781e+02  1.25486345e+02  1.17335751e+02
  1.09162122e+02  1.00972522e+02  9.27739494e+01  8.45733352e+01
  7.63775393e+01  6.81933464e+01  6.00274628e+01  5.18865132e+01
  4.37770370e+01  3.57054855e+01  2.76782181e+01  1.97014998e+01
  1.17814978e+01  3.92427825e+00 -3.86419623e+00 -1.15780698e+01
 -1.92115958e+01 -2.67591401e+01 -3.42151832e+01 -4.15743231e+01
 -4.88312777e+01 -5.59808874e+01 -6.30181171e+01 -6.99380591e+01
 -7.67359348e+01 -8.34070968e+01 -8.99470313e+01 -9.63513598e+01
 -1.02615841e+02 -1.08736373e+02 -1.14708995e+02 -1.20529886e+02
 -1.26195372e+02 -1.31701924e+02 -1.37046158e+02 -1.42224839e+02
 -1.47234881e+02 -1.52073348e+02 -1.56737456e+02 -1.61224573e+02
 -1.65532219e+02 -1.69658068e+02 -1.73599950e+02 -1.77355849e+02
 -1.80923902e+02 -1.84302404e+02 -1.87489807e+02 -1.90484716e+02
 -1.93285895e+02 -1.95892263e+02 -1.98302895e+02 -2.00517022e+02
 -2.02534030e+02 -2.04353462e+02 -2.05975014e+02 -2.07398536e+02
 -2.08624033e+02 -2.09651663e+02 -2.10481732e+02 -2.11114703e+02
 -2.11551184e+02 -2.11791934e+02 -2.11837859e+02 -2.11690013e+02
 -2.11349592e+02 -2.10817938e+02 -2.10096533e+02 -2.09187003e+02
 -2.08091108e+02 -2.06810748e+02 -2.05347956e+02 -2.03704901e+02
 -2.01883879e+02 -1.99887317e+02 -1.97717770e+02 -1.95377914e+02
 -1.92870550e+02 -1.90198598e+02 -1.87365094e+02 -1.84373189e+02
 -1.81226147e+02 -1.77927340e+02 -1.74480247e+02 -1.70888451e+02
 -1.67155635e+02 -1.63285581e+02 -1.59282165e+02 -1.55149353e+02
 -1.50891204e+02 -1.46511857e+02 -1.42015538e+02 -1.37406549e+02
 -1.32689269e+02 -1.27868147e+02 -1.22947704e+02 -1.17932523e+02
 -1.12827252e+02 -1.07636594e+02 -1.02365308e+02 -9.70182045e+01
 -9.16001407e+01 -8.61160174e+01 -8.05707754e+01 -7.49693916e+01
 -6.93168752e+01 -6.36182641e+01 -5.78786210e+01 -5.21030292e+01
 -4.62965895e+01 -4.04644156e+01 -3.46116307e+01 -2.87433635e+01
 -2.28647442e+01 -1.69809007e+01 -1.10969546e+01 -5.21801761e+00
  6.50812609e-01  6.50445628e+00  1.23378553e+01  1.81459773e+01
  2.39238190e+01  2.96664108e+01  3.53688199e+01  4.10261544e+01
  4.66335671e+01  5.21862590e+01  5.76794835e+01  6.31085494e+01
  6.84688252e+01  7.37557423e+01  7.89647986e+01  8.40915624e+01
  8.91316754e+01  9.40808564e+01  9.89349048e+01  1.03689704e+02
  1.08341223e+02  1.12885524e+02  1.17318761e+02  1.21637183e+02
  1.25837143e+02  1.29915092e+02  1.33867590e+02  1.37691304e+02
  1.41383012e+02  1.44939608e+02  1.48358100e+02  1.51635617e+02
  1.54769408e+02  1.57756849e+02  1.60595439e+02  1.63282808e+02
  1.65816715e+02  1.68195053e+02  1.70415850e+02  1.72477269e+02
  1.74377613e+02  1.76115324e+02  1.77688987e+02  1.79097328e+02
  1.80339220e+02  1.81413678e+02  1.82319868e+02  1.83057102e+02
  1.83624841e+02  1.84022695e+02  1.84250425e+02  1.84307943e+02
  1.84195314e+02  1.83912751e+02  1.83460624e+02  1.82839452e+02
  1.82049907e+02  1.81092813e+02  1.79969148e+02  1.78680039e+02
  1.77226765e+02  1.75610756e+02  1.73833594e+02  1.71897005e+02
  1.69802869e+02  1.67553209e+02  1.65150195e+02  1.62596143e+02
  1.59893510e+02  1.57044897e+02  1.54053043e+02  1.50920825e+02
  1.47651258e+02  1.44247489e+02  1.40712799e+02  1.37050597e+02
  1.33264421e+02  1.29357931e+02  1.25334911e+02  1.21199264e+02
  1.16955009e+02  1.12606278e+02  1.08157314e+02  1.03612467e+02
  9.89761895e+01  9.42530346e+01  8.94476520e+01  8.45647842e+01
  7.96092628e+01  7.45860044e+01  6.95000066e+01  6.43563441e+01
  5.91601644e+01  5.39166835e+01  4.86311815e+01  4.33089978e+01
  3.79555272e+01  3.25762145e+01  2.71765504e+01  2.17620661e+01
  1.63383286e+01  1.09109361e+01  5.48551209e+00  6.77010841e-02
 -5.33683712e+00 -1.07224325e+01 -1.60834101e+01 -2.14140956e+01
 -2.67088204e+01 -3.19619275e+01 -3.71677767e+01 -4.23207503e+01
 -4.74152587e+01 -5.24457459e+01 -5.74066953e+01 -6.22926353e+01
 -6.70981451e+01 -7.18178601e+01 -7.64464783e+01 -8.09787649e+01
 -8.54095593e+01 -8.97337799e+01 -9.39464302e+01 -9.80426044e+01
 -1.02017493e+02 -1.05866389e+02 -1.09584692e+02 -1.13167916e+02
 -1.16611693e+02 -1.19911780e+02 -1.23064062e+02 -1.26064563e+02
 -1.28909443e+02 -1.31595009e+02 -1.34117721e+02 -1.36474192e+02
 -1.38661199e+02 -1.40675682e+02 -1.42514752e+02 -1.44175699e+02
 -1.45655989e+02 -1.46953274e+02 -1.48065394e+02 -1.48990385e+02
 -1.49726477e+02 -1.50272104e+02 -1.50625901e+02 -1.50786717e+02
 -1.50753608e+02 -1.50525850e+02 -1.50102934e+02 -1.49484576e+02
 -1.48670714e+02 -1.47661514e+02 -1.46457372e+02 -1.45058915e+02
 -1.43467005e+02 -1.41682737e+02 -1.39707446e+02 -1.37542704e+02
 -1.35190323e+02 -1.32652355e+02 -1.29931094e+02 -1.27029075e+02
 -1.23949074e+02 -1.20694109e+02 -1.17267440e+02 -1.13672567e+02
 -1.09913228e+02 -1.05993402e+02 -1.01917302e+02 -9.76893775e+01
 -9.33143113e+01 -8.87970159e+01 -8.41426319e+01 -7.93565246e+01
 -7.44442811e+01 -6.94117061e+01 -6.42648185e+01 -5.90098469e+01
 -5.36532249e+01 -4.82015863e+01 -4.26617599e+01 -3.70407639e+01
 -3.13458001e+01 -2.55842472e+01 -1.97636548e+01 -1.38917361e+01
 -7.97636100e+00 -2.02554789e+00  3.95254371e+00  9.94962168e+00
  1.59572699e+01  2.19669573e+01  2.79700469e+01  3.39578058e+01
  3.99214148e+01  4.58519789e+01  5.17405382e+01  5.75780781e+01
  6.33555414e+01  6.90638395e+01  7.46938643e+01  8.02365004e+01
  8.56826380e+01  9.10231852e+01  9.62490814e+01  1.01351311e+02
  1.06320916e+02  1.11149011e+02  1.15826797e+02  1.20345577e+02
  1.24696767e+02  1.28871916e+02  1.32862718e+02  1.36661027e+02
  1.40258873e+02  1.43648480e+02  1.46822279e+02  1.49772924e+02
  1.52493310e+02  1.54976589e+02  1.57216183e+02  1.59205805e+02
  1.60939472e+02  1.62411526e+02  1.63616642e+02  1.64549855e+02
  1.65206567e+02  1.65582571e+02  1.65674062e+02  1.65477655e+02
  1.64990402e+02  1.64209808e+02  1.63133842e+02  1.61760960e+02
  1.60090114e+02  1.58120771e+02  1.55852924e+02  1.53287110e+02
  1.50424421e+02  1.47266517e+02  1.43815641e+02  1.40074632e+02
  1.36046934e+02  1.31736607e+02  1.27148343e+02  1.22287468e+02
  1.17159957e+02  1.11772440e+02  1.06132211e+02  1.00247231e+02
  9.41261391e+01  8.77782519e+01  8.12135702e+01  7.44427801e+01
  6.74772550e+01  6.03290550e+01  5.30109258e+01  4.55362962e+01
  3.79192733e+01  3.01746378e+01  2.23178356e+01  1.43649699e+01
  6.33278975e+00 -1.76132203e+00 -9.89936346e+00 -1.80627297e+01
 -2.62322317e+01 -3.43881164e+01 -4.25100902e+01 -5.05773437e+01
 -5.85685796e+01 -6.64620427e+01 -7.42355531e+01 -8.18665410e+01
 -8.93320859e+01 -9.66089574e+01 -1.03673660e+02 -1.10502479e+02
 -1.17071535e+02 -1.23356834e+02 -1.29334327e+02 -1.34979971e+02
 -1.40269796e+02 -1.45179970e+02 -1.49686875e+02 -1.53767184e+02
 -1.57397942e+02 -1.60556651e+02 -1.63221361e+02 -1.65370767e+02
 -1.66984307e+02 -1.68042267e+02 -1.68525891e+02 -1.68417500e+02
 -1.67700609e+02 -1.66360055e+02 -1.64382133e+02 -1.61754728e+02
 -1.58467466e+02 -1.54511863e+02 -1.49881482e+02 -1.44572098e+02
 -1.38581871e+02 -1.31911524e+02 -1.24564526e+02 -1.16547292e+02
 -1.07869377e+02 -9.85436923e+01 -8.85867170e+01 -7.80187279e+01
 -6.68640329e+01 -5.51512143e+01 -4.29133817e+01 -3.01884337e+01
 -1.70193301e+01 -3.45437235e+00  1.04525039e+01  2.46414274e+01
  3.90462788e+01  5.35943669e+01  6.82060943e+01  8.27946110e+01
  9.72654567e+01  1.11516191e+02  1.25436011e+02  1.38905357e+02
  1.51795503e+02  1.63968138e+02  1.75274930e+02  1.85557077e+02
  1.94644845e+02  2.02357092e+02  2.08500772e+02  2.12870431e+02
  2.15247683e+02  2.15400670e+02  2.13083507e+02  2.08035710e+02
  1.99981607e+02  1.88629731e+02  1.73672195e+02  1.54784048e+02
  1.31622619e+02  1.03826827e+02  7.10164911e+01  3.27916014e+01
 -1.12684159e+01 -6.16054617e+01 -1.18683547e+02 -1.82989596e+02
 -2.55034273e+02 -3.35352835e+02 -4.24505997e+02 -5.23080835e+02]
