0.061423,0.13676,0.21868,0.29945,0.377,0.45005,0.51754,0.57858,0.63245,0.67866,0.71692,0.74723,0.76984,0.7853,0.79435,0.79792,0.79705,0.79278,0.78604,0.77758,0.7679,0.75717,0.74524,0.73169,0.7159,0.69714,0.67466,0.64779,0.61603,0.57908,0.5369,0.48972,0.43805,0.38268,0.32464,0.26522,0.20596,0.14866,0.095503,0.049427,0.016105
0.28135,0.62644,1.0017,1.3717,1.7271,2.0618,2.3711,2.651,2.898,3.11,3.2856,3.4248,3.5287,3.5998,3.6415,3.6581,3.6544,3.635,3.6042,3.5656,3.5214,3.4722,3.4176,3.3556,3.2832,3.1973,3.0942,2.971,2.8254,2.6559,2.4625,2.2461,2.0092,1.7552,1.489,1.2164,0.94464,0.68184,0.43803,0.2267,0.073868
0.62586,1.3936,2.2285,3.0518,3.8428,4.5881,5.2771,5.9007,6.4516,6.9245,7.3166,7.6277,7.8604,8.02,8.1141,8.1521,8.1447,8.1023,8.0346,7.9492,7.8511,7.7421,7.6208,7.4828,7.3218,7.1303,6.9006,6.6261,6.3014,5.9236,5.4922,5.0097,4.4813,3.9148,3.3211,2.7133,2.107,1.5208,0.97703,0.50566,0.16476
0.9874,2.1987,3.5162,4.8158,6.0647,7.2422,8.3314,9.3178,10.19,10.939,11.562,12.056,12.427,12.682,12.833,12.896,12.886,12.821,12.716,12.583,12.429,12.257,12.066,11.849,11.595,11.292,10.929,10.494,9.9804,9.3823,8.6993,7.9352,7.0983,6.2011,5.2607,4.2979,3.3376,2.4091,1.5477,0.80101,0.261
1.3027,2.9008,4.6395,6.3552,8.0048,9.561,11.002,12.308,13.464,14.458,15.285,15.944,16.439,16.781,16.987,17.074,17.066,16.983,16.847,16.673,16.472,16.247,15.996,15.709,15.373,14.973,14.492,13.917,13.236,12.443,11.538,10.525,9.415,8.2252,6.9779,5.7009,4.4272,3.1956,2.053,1.0625,0.34621
1.5515,3.4551,5.5266,7.5717,9.5391,11.397,13.118,14.68,16.065,17.258,18.252,19.046,19.645,20.062,20.314,20.426,20.422,20.329,20.171,19.967,19.73,19.464,19.166,18.825,18.425,17.947,17.372,16.684,15.869,14.919,13.834,12.62,11.289,9.8628,8.3674,6.8362,5.3089,3.832,2.4619,1.2742,0.41516
1.7363,3.8669,6.1862,8.4769,10.682,12.767,14.7,16.457,18.017,19.364,20.49,21.391,22.074,22.552,22.846,22.98,22.984,22.888,22.717,22.494,22.232,21.937,21.605,21.224,20.776,20.24,19.594,18.819,17.901,16.83,15.607,14.238,12.737,11.128,9.4413,7.7138,5.9905,4.3241,2.778,1.4378,0.46848
1.8671,4.1586,6.6539,9.12,11.496,13.744,15.832,17.733,19.424,20.887,22.113,23.098,23.848,24.377,24.707,24.864,24.88,24.786,24.61,24.376,24.1,23.786,23.432,23.023,22.541,21.962,21.264,20.425,19.43,18.27,16.944,15.458,13.83,12.083,10.252,8.376,6.5049,4.6955,3.0166,1.5613,0.50873
1.9548,4.3543,6.9682,9.5532,12.046,14.408,16.604,18.607,20.393,21.942,23.244,24.295,25.099,25.672,26.034,26.214,26.244,26.157,25.983,25.746,25.463,25.14,24.772,24.345,23.841,23.233,22.498,21.613,20.563,19.337,17.934,16.363,14.64,12.792,10.853,8.868,6.8871,4.9715,3.194,1.6531,0.53865
2.0085,4.4744,7.1617,9.8212,12.389,14.824,17.092,19.165,21.017,22.629,23.988,25.09,25.939,26.548,26.941,27.144,27.191,27.115,26.948,26.715,26.432,26.106,25.732,25.296,24.778,24.151,23.391,22.476,21.386,20.114,18.656,17.023,15.232,13.31,11.293,9.2278,7.1668,5.1735,3.3239,1.7204,0.56056
2.0355,4.5349,7.26,9.959,12.567,15.044,17.356,19.473,21.37,23.025,24.426,25.567,26.453,27.095,27.516,27.743,27.809,27.749,27.593,27.369,27.092,26.769,26.395,25.957,25.432,24.795,24.02,23.084,21.969,20.664,19.17,17.493,15.654,13.679,11.608,9.485,7.3669,5.3181,3.4168,1.7685,0.57625
2.0413,4.5483,7.2829,9.9935,12.616,15.11,17.443,19.583,21.505,23.189,24.62,25.791,26.707,27.378,27.825,28.077,28.165,28.123,27.983,27.772,27.505,27.19,26.822,26.387,25.862,25.222,24.44,23.492,22.362,21.037,19.518,17.813,15.942,13.932,11.823,9.6617,7.5045,5.4176,3.4809,1.8017,0.58707
2.0301,4.5239,7.2455,9.9453,12.56,15.052,17.385,19.532,21.466,23.165,24.616,25.81,26.75,27.447,27.92,28.196,28.307,28.287,28.167,27.972,27.72,27.417,27.059,26.631,26.112,25.474,24.691,23.74,22.602,21.268,19.736,18.014,16.124,14.093,11.96,9.7743,7.5924,5.4813,3.5219,1.8229,0.594
2.0053,4.4691,7.1593,9.8302,12.421,14.892,17.212,19.351,21.283,22.988,24.449,25.66,26.62,27.339,27.836,28.138,28.274,28.277,28.179,28.004,27.77,27.484,27.14,26.724,26.213,25.583,24.805,23.857,22.719,21.383,19.846,18.118,16.219,14.177,12.033,9.8348,7.6399,5.5158,3.5442,1.8345,0.59779
1.9695,4.3897,7.0337,9.661,12.212,14.65,16.943,19.063,20.983,22.684,24.148,25.369,26.344,27.083,27.604,27.93,28.092,28.12,28.047,27.895,27.682,27.415,27.088,26.688,26.191,25.572,24.804,23.864,22.733,21.401,19.867,18.141,16.241,14.199,12.053,9.8521,7.6539,5.5263,3.5511,1.8382,0.59898
1.9247,4.2905,6.8762,9.4478,11.948,14.341,16.596,18.686,20.586,22.274,23.735,24.959,25.946,26.703,27.245,27.595,27.783,27.838,27.791,27.665,27.476,27.23,26.924,26.542,26.062,25.458,24.705,23.777,22.658,21.336,19.812,18.095,16.203,14.168,12.028,9.8329,7.6396,5.5164,3.5449,1.835,0.59796
1.8728,4.1753,6.693,9.1991,11.638,13.977,16.185,18.237,20.108,21.776,23.227,24.451,25.445,26.215,26.777,27.151,27.365,27.448,27.428,27.329,27.166,26.945,26.661,26.3,25.84,25.255,24.52,23.609,22.506,21.2,19.692,17.989,16.112,14.091,11.965,9.7821,7.6009,5.4889,3.5274,1.826,0.59505
1.8153,4.0473,6.4893,8.9219,11.292,13.568,15.722,17.728,19.563,21.206,22.641,23.858,24.855,25.636,26.215,26.612,26.851,26.962,26.971,26.9,26.764,26.569,26.311,25.973,25.536,24.973,24.258,23.369,22.286,21.001,19.513,17.831,15.974,13.973,11.867,9.7035,7.5407,5.4459,3.5,1.8119,0.59047
1.7533,3.9095,6.2696,8.6225,10.918,13.125,15.218,17.171,18.964,20.574,21.988,23.195,24.19,24.979,25.573,25.99,26.254,26.393,26.43,26.388,26.281,26.114,25.882,25.57,25.158,24.62,23.929,23.063,22.005,20.745,19.282,17.625,15.794,13.819,11.738,9.5999,7.4612,5.3891,3.4638,1.7933,0.58439
1.688,3.7643,6.0379,8.3061,10.521,12.654,14.681,16.577,18.321,19.895,21.282,22.473,23.463,24.256,24.862,25.297,25.585,25.75,25.815,25.803,25.725,25.587,25.383,25.098,24.713,24.201,23.537,22.699,21.669,20.437,19.003,17.377,15.576,13.632,11.582,9.4737,7.3643,5.3196,3.4195,1.7704,0.57697
1.6204,3.6138,5.7975,7.9776,10.109,12.164,14.119,15.953,17.645,19.177,20.533,21.704,22.685,23.478,24.092,24.544,24.853,25.043,25.136,25.152,25.104,24.995,24.819,24.564,24.207,23.723,23.089,22.28,21.281,20.081,18.681,17.088,15.323,13.414,11.4,9.3267,7.2512,5.2386,3.3677,1.7437,0.56829
1.5512,3.4599,5.5515,7.6409,9.6854,11.659,13.541,15.309,16.944,18.43,19.751,20.897,21.865,22.654,23.274,23.739,24.067,24.28,24.4,24.444,24.425,24.345,24.199,23.972,23.644,23.191,22.588,21.812,20.846,19.682,18.318,16.763,15.037,13.168,11.194,9.1602,7.1231,5.1468,3.3091,1.7135,0.55845
1.4813,3.3042,5.3025,7.2998,9.2558,11.146,12.951,14.651,16.226,17.662,18.944,20.063,21.013,21.795,22.417,22.891,23.236,23.47,23.615,23.686,23.694,23.643,23.526,23.329,23.031,22.609,22.039,21.297,20.367,19.241,17.917,16.404,14.721,12.896,10.965,8.9756,6.981,5.045,3.244,1.6799,0.54753
1.4113,3.1482,5.0528,6.9574,8.824,10.63,12.357,13.985,15.499,16.882,18.122,19.209,20.138,20.909,21.529,22.01,22.368,22.621,22.788,22.884,22.919,22.895,22.807,22.639,22.372,21.982,21.445,20.739,19.848,18.762,17.481,16.013,14.376,12.598,10.716,8.774,6.8257,4.9336,3.1728,1.6432,0.53559
1.3417,2.9931,4.8043,6.6165,8.3936,10.115,11.762,13.318,14.768,16.096,17.291,18.343,19.248,20.005,20.62,21.104,21.472,21.741,21.927,22.046,22.106,22.109,22.048,21.909,21.672,21.315,20.812,20.143,19.291,18.248,17.012,15.592,14.005,12.278,10.447,8.5565,6.6581,4.8134,3.0959,1.6035,0.52268
1.273,2.8399,4.5589,6.2794,7.9676,9.6039,11.172,12.655,14.039,15.311,16.459,17.473,18.35,19.09,19.696,20.18,20.555,20.836,21.04,21.179,21.262,21.289,21.254,21.143,20.936,20.611,20.143,19.512,18.701,17.702,16.514,15.144,13.609,11.936,10.16,8.3241,6.479,4.6849,3.0137,1.5611,0.50888
1.2055,2.6896,4.3179,5.9481,7.5485,9.1007,10.589,12,13.318,14.532,15.63,16.605,17.452,18.171,18.766,19.247,19.625,19.915,20.133,20.29,20.393,20.442,20.432,20.347,20.169,19.875,19.442,18.849,18.081,17.128,15.988,14.67,13.191,11.575,9.8565,8.0779,6.2891,4.5486,2.9265,1.5161,0.49424
1.1397,2.5428,4.0825,5.6243,7.1385,8.608,10.018,11.356,12.608,13.764,14.812,15.745,16.56,17.255,17.836,18.31,18.688,18.985,19.214,19.385,19.505,19.575,19.587,19.527,19.377,19.113,18.714,18.16,17.434,16.527,15.438,14.175,12.752,11.195,9.5374,7.8192,6.0895,4.4053,2.8348,1.4688,0.47884
1.0757,2.4001,3.8536,5.3094,6.7395,8.1279,9.4613,10.727,11.914,13.01,14.007,14.898,15.678,16.349,16.912,17.376,17.752,18.052,18.289,18.471,18.607,18.694,18.725,18.688,18.564,18.33,17.964,17.448,16.764,15.905,14.868,13.659,12.296,10.8,9.2046,7.5492,5.881,4.2555,2.7389,1.4193,0.46273
1.0138,2.2621,3.632,5.0043,6.3527,7.6621,8.9203,10.116,11.237,12.275,13.221,14.068,14.813,15.456,16,16.452,16.823,17.123,17.364,17.555,17.702,17.804,17.853,17.837,17.736,17.53,17.197,16.718,16.076,15.264,14.279,13.127,11.823,10.391,8.8598,7.2692,5.6647,4.1001,2.6394,1.3679,0.44599
0.95419,2.129,3.4183,4.71,5.9792,7.2121,8.3972,9.5237,10.582,11.562,12.456,13.259,13.968,14.582,15.105,15.543,15.905,16.202,16.445,16.643,16.799,16.912,16.977,16.978,16.899,16.719,16.417,15.974,15.374,14.609,13.676,12.581,11.338,9.9698,8.5049,6.9808,5.4418,3.9397,2.5367,1.3148,0.42872
0.89686,2.001,3.2129,4.4269,5.62,6.7789,7.8932,8.9527,9.9484,10.872,11.716,12.475,13.146,13.731,14.23,14.652,15.004,15.296,15.539,15.739,15.901,16.024,16.101,16.118,16.058,15.903,15.63,15.221,14.662,13.943,13.062,12.025,10.843,9.5397,8.1418,6.6855,5.2134,3.7754,2.4313,1.2604,0.411
0.84194,1.8785,3.0161,4.1556,5.2754,6.3632,7.4092,8.404,9.3392,10.207,11.001,11.717,12.351,12.905,13.381,13.784,14.124,14.409,14.648,14.849,15.015,15.145,15.231,15.261,15.219,15.085,14.84,14.464,13.944,13.271,12.441,11.461,10.341,9.1028,7.7726,6.385,4.9807,3.6079,2.324,1.2049,0.39293
0.78946,1.7614,2.828,3.8963,4.9459,5.9655,6.9458,7.8782,8.755,9.5691,10.315,10.987,11.585,12.107,12.558,12.943,13.269,13.545,13.779,13.978,14.145,14.279,14.372,14.413,14.386,14.272,14.052,13.707,13.225,12.596,11.817,10.893,9.8348,8.6617,7.3995,6.0809,4.7452,3.4382,2.2151,1.1486,0.37461
0.73943,1.6497,2.6486,3.6489,4.6316,5.5859,6.5033,7.376,8.1965,8.9586,9.6568,10.287,10.848,11.34,11.766,12.131,12.441,12.706,12.934,13.129,13.295,13.431,13.529,13.579,13.564,13.468,13.27,12.956,12.509,11.923,11.194,10.325,9.3272,8.219,7.0246,5.7752,4.5081,3.2673,2.1055,1.0919,0.35614
0.69184,1.5435,2.4779,3.4135,4.3324,5.2245,6.0819,6.8973,7.6639,8.376,9.0285,9.6182,10.144,10.605,11.005,11.349,11.644,11.897,12.116,12.305,12.469,12.604,12.705,12.762,12.758,12.676,12.5,12.213,11.801,11.256,10.574,9.7591,8.8213,7.7772,6.65,5.4694,4.2708,3.0962,1.9956,1.0351,0.33762
0.64665,1.4426,2.3158,3.1899,4.0482,4.8812,5.6814,6.4422,7.1573,7.8214,8.4301,8.9803,9.4708,9.9022,10.277,10.601,10.879,11.119,11.328,11.51,11.669,11.803,11.905,11.966,11.97,11.902,11.745,11.483,11.103,10.597,9.9616,9.1995,8.32,7.3388,6.278,5.1654,4.0348,2.9258,1.8862,0.97842,0.31917
0.60381,1.347,2.1622,2.978,3.7787,4.5555,5.3015,6.0103,6.6764,7.2947,7.8614,8.3736,8.8305,9.2326,9.5828,9.8855,10.147,10.373,10.571,10.746,10.899,11.029,11.131,11.194,11.205,11.148,11.008,10.77,10.42,9.9513,9.36,8.6487,7.8259,6.9063,5.9105,4.8648,3.8011,2.7571,1.7777,0.9223,0.30088
0.56326,1.2565,2.0167,2.7773,3.5235,4.2472,4.9417,5.6013,6.2208,6.7956,7.3221,7.7981,8.2226,8.5964,8.9223,9.2045,9.4487,9.6611,9.8478,10.013,10.16,10.285,10.385,10.449,10.465,10.418,10.293,10.076,9.7545,9.3209,8.7719,8.1095,7.3416,6.4817,5.5494,4.5692,3.5712,2.591,1.6709,0.86698,0.28285
0.52493,1.1709,1.8792,2.5876,3.2823,3.9557,4.6016,5.2146,5.7899,6.3234,6.8118,7.2532,7.6467,7.9933,8.2956,8.5578,8.785,8.9834,9.1584,9.3143,9.453,9.5732,9.6696,9.7333,9.7527,9.7137,9.6021,9.4044,9.1091,8.7088,8.1999,7.5844,6.8692,6.0672,5.1964,4.28,3.3461,2.4282,1.5662,0.81275,0.26517
0.48873,1.0901,1.7494,2.4085,3.0546,3.6805,4.2804,4.8494,5.383,5.8774,6.3298,6.7382,7.1023,7.4229,7.7025,7.9451,8.1558,8.3401,8.5032,8.6492,8.7797,8.8935,8.9858,9.0482,9.0697,9.0373,8.9374,8.7573,8.4864,8.1171,7.6463,7.0754,6.4109,5.6646,4.8532,3.9985,3.1269,2.2696,1.4641,0.75986,0.24793
0.45458,1.0139,1.6269,2.2396,2.8398,3.4209,3.9776,4.5051,4.9993,5.4569,5.8751,6.2525,6.5886,6.8844,7.1423,7.3662,7.5607,7.7311,7.8824,8.0182,8.1402,8.2472,8.3346,8.3948,8.4174,8.3903,8.3007,8.1366,7.888,7.5479,7.1129,6.5844,5.9682,5.2752,4.5211,3.7259,2.9144,2.1157,1.3651,0.70853,0.2312
0.42241,0.9421,1.5115,2.0804,2.6375,3.1765,3.6923,4.1807,4.638,5.0608,5.447,5.795,6.1046,6.3769,6.6142,6.8201,6.9991,7.1561,7.2956,7.4213,7.5346,7.6344,7.7165,7.7738,7.7966,7.7737,7.693,7.5434,7.3155,7.0025,6.6013,6.1129,5.5426,4.9006,4.2012,3.4631,2.7094,1.9673,1.2695,0.65897,0.21503
0.3921,0.87447,1.4029,1.9306,2.447,2.9463,3.4239,3.8756,4.298,4.6883,5.0442,5.3646,5.6494,5.8995,6.1173,6.3061,6.4702,6.6142,6.7424,6.858,6.9626,7.0551,7.1316,7.1855,7.2079,7.1881,7.1153,6.9788,6.7699,6.4821,6.1125,5.6619,5.1352,4.5416,3.8944,3.2109,2.5126,1.8247,1.1776,0.61132,0.19949
0.36359,0.81083,1.3006,1.7896,2.2679,2.73,3.1715,3.5888,3.9786,4.3382,4.6659,4.9604,5.2218,5.4511,5.6504,5.8231,5.9731,6.1046,6.2218,6.3278,6.4238,6.5089,6.5796,6.6298,6.6511,6.6339,6.5678,6.4432,6.2517,5.9874,5.6474,5.2324,4.7468,4.199,3.6014,2.97,2.3244,1.6882,1.0897,0.56571,0.18461
0.33678,0.751,1.2045,1.6571,2.0995,2.5266,2.9344,3.3194,3.6786,4.0096,4.3108,4.5811,4.8206,5.0303,5.2124,5.3699,5.5065,5.6263,5.733,5.8296,5.9172,5.9951,6.06,6.1062,6.1262,6.1108,6.0507,5.9368,5.7613,5.5188,5.2064,4.8248,4.3779,3.8734,3.3227,2.7406,2.1452,1.5583,1.0059,0.52224,0.17043
0.31158,0.69477,1.1142,1.5326,1.9414,2.3357,2.7118,3.0666,3.3972,3.7014,3.9778,4.2255,4.4445,4.636,4.802,4.9452,5.0693,5.178,5.2748,5.3624,5.4421,5.5129,5.5721,5.6143,5.6326,5.6186,5.5637,5.4594,5.2986,5.0763,4.7897,4.4393,4.0288,3.5651,3.0587,2.5231,1.9752,1.4349,0.92633,0.48097,0.15697
0.28792,0.64197,1.0294,1.4157,1.7929,2.1565,2.503,2.8295,3.1333,3.4126,3.6659,3.8925,4.0925,4.267,4.4179,4.5479,4.6603,4.7585,4.846,4.9252,4.9971,5.0613,5.1148,5.153,5.1695,5.1565,5.1062,5.0107,4.8635,4.6598,4.3972,4.0759,3.6994,3.2741,2.8093,2.3177,1.8146,1.3183,0.8511,0.44193,0.14423
0.2657,0.5924,0.94983,1.306,1.6537,1.9885,2.3073,2.6073,2.8862,3.1421,3.3739,3.5808,3.7632,3.9219,4.0588,4.1765,4.278,4.3665,4.4453,4.5165,4.5813,4.639,4.6872,4.7215,4.736,4.7238,4.6775,4.59,4.4552,4.2688,4.0285,3.7345,3.3898,3.0003,2.5746,2.1242,1.6632,1.2085,0.7802,0.40513,0.13222
0.24486,0.5459,0.87517,1.2032,1.5231,1.831,2.1239,2.3992,2.6548,2.889,3.1008,3.2895,3.4554,3.5995,3.7235,3.8297,3.9211,4.0007,4.0713,4.1351,4.1931,4.2448,4.2879,4.3185,4.3311,4.3195,4.2768,4.1965,4.0732,3.9028,3.6831,3.4145,3.0994,2.7434,2.3544,1.9426,1.5211,1.1052,0.71359,0.37055,0.12094
0.22531,0.50229,0.80516,1.1067,1.4007,1.6834,1.9521,2.2044,2.4383,2.6523,2.8454,3.0173,3.168,3.2985,3.4106,3.5063,3.5883,3.6596,3.7228,3.7797,3.8315,3.8775,3.9158,3.9429,3.9536,3.9424,3.9029,3.8293,3.7166,3.5609,3.3605,3.1153,2.828,2.5032,2.1482,1.7726,1.388,1.0086,0.6512,0.33816,0.11037
0.20699,0.46141,0.73956,1.0164,1.2861,1.5453,1.7913,2.0221,2.2358,2.4311,2.6069,2.7631,2.8997,3.0178,3.1188,3.2048,3.2784,3.342,3.3982,3.4489,3.4948,3.5357,3.5696,3.5933,3.6023,3.5913,3.5548,3.4873,3.3843,3.2424,3.0597,2.8364,2.5747,2.279,1.9559,1.6139,1.2638,0.91829,0.59291,0.30789,0.10049
0.18982,0.42312,0.67811,0.9318,1.1788,1.416,1.6409,1.8517,2.0466,2.2244,2.3843,2.5259,2.6496,2.7562,2.847,2.9242,2.9898,3.0465,3.0964,3.1413,3.1819,3.218,3.2478,3.2684,3.2757,3.2651,3.2312,3.1694,3.0754,2.9461,2.7799,2.5768,2.339,2.0703,1.7767,1.4661,1.148,0.83418,0.5386,0.27969,0.091286
0.17374,0.38726,0.62058,0.85261,1.0784,1.295,1.5003,1.6924,1.8699,2.0315,2.1765,2.3048,2.4165,2.5125,2.5941,2.663,2.7216,2.7719,2.816,2.8556,2.8914,2.9231,2.9491,2.9669,2.9728,2.9623,2.931,2.8744,2.7887,2.6711,2.5201,2.3358,2.1201,1.8765,1.6103,1.3287,1.0404,0.756,0.48812,0.25347,0.082729
0.1587,0.35371,0.56675,0.77854,0.98448,1.182,1.3689,1.5437,1.7049,1.8515,1.9829,2.0987,2.1994,2.2857,2.3587,2.4203,2.4723,2.5168,2.5558,2.5905,2.6219,2.6496,2.6723,2.6875,2.692,2.6818,2.6528,2.601,2.523,2.4162,2.2794,2.1125,1.9172,1.6968,1.456,1.2013,0.94066,0.68349,0.4413,0.22916,0.074792
0.14463,0.32233,0.51642,0.70929,0.89673,1.0763,1.2462,1.4049,1.551,1.6837,1.8024,1.9069,1.9974,2.0747,2.14,2.1948,2.2409,2.2802,2.3144,2.3449,2.3723,2.3963,2.4159,2.4289,2.4322,2.4223,2.3955,2.3482,2.2773,2.1805,2.0567,1.9058,1.7295,1.5305,1.3132,1.0835,0.84833,0.61638,0.39796,0.20665,0.067446
0.13148,0.29301,0.46939,0.64459,0.81478,0.97773,1.1317,1.2754,1.4075,1.5274,1.6343,1.7283,1.8096,1.8787,1.9369,1.9856,2.0263,2.0608,2.0908,2.1173,2.1412,2.162,2.1789,2.1898,2.192,2.1824,2.1577,2.1145,2.0502,1.9627,1.851,1.715,1.5561,1.3769,1.1814,0.97459,0.76304,0.55439,0.35792,0.18586,0.060659
0.11919,0.26562,0.42548,0.5842,0.7383,0.88574,1.025,1.1547,1.2739,1.3818,1.478,1.5623,1.635,1.6967,1.7485,1.7915,1.8274,1.8576,1.8838,1.9069,1.9275,1.9455,1.9599,1.9689,1.9703,1.9611,1.9383,1.899,1.8409,1.7619,1.6613,1.539,1.3962,1.2353,1.0598,0.8742,0.6844,0.49723,0.32101,0.16668,0.0544
0.10773,0.24007,0.38451,0.52787,0.66699,0.8,0.92551,1.0423,1.1495,1.2464,1.3327,1.4081,1.473,1.5279,1.5737,1.6117,1.6432,1.6696,1.6924,1.7123,1.7301,1.7455,1.7578,1.7652,1.7658,1.757,1.7361,1.7005,1.648,1.577,1.4866,1.3769,1.249,1.1049,0.94781,0.78179,0.61201,0.44461,0.28702,0.14903,0.048639
0.097047,0.21625,0.34632,0.47538,0.60055,0.72016,0.83292,0.93778,1.0339,1.1206,1.1977,1.265,1.3227,1.3714,1.4119,1.4453,1.4729,1.4959,1.5155,1.5328,1.548,1.5612,1.5715,1.5776,1.5776,1.5692,1.55,1.5178,1.4706,1.4069,1.326,1.228,1.1137,0.9851,0.84492,0.69686,0.54548,0.39625,0.2558,0.13281,0.043345
0.087096,0.19407,0.31077,0.42653,0.53874,0.6459,0.74684,0.84061,0.92647,1.0039,1.0725,1.1323,1.1834,1.2265,1.2621,1.2914,1.3155,1.3354,1.3524,1.3672,1.3802,1.3913,1.4,1.4049,1.4044,1.3965,1.379,1.35,1.3076,1.2507,1.1786,1.0912,0.98953,0.87513,0.75051,0.61893,0.48444,0.35189,0.22715,0.11794,0.038489
0.077843,0.17344,0.27772,0.38111,0.4813,0.57691,0.6669,0.75043,0.82682,0.89558,0.95645,1.0094,1.0546,1.0924,1.1237,1.1493,1.1702,1.1875,1.202,1.2146,1.2257,1.2351,1.2423,1.2462,1.2453,1.2379,1.222,1.196,1.1582,1.1075,1.0434,0.96589,0.87573,0.77438,0.66402,0.54754,0.42853,0.31125,0.20091,0.10431,0.034041
0.069249,0.15429,0.24703,0.33896,0.42799,0.51291,0.59279,0.66685,0.73451,0.79534,0.8491,0.89575,0.93548,0.96871,0.99604,1.0183,1.0364,1.0512,1.0636,1.0743,1.0837,1.0916,1.0975,1.1006,1.0994,1.0925,1.0782,1.0549,1.0213,0.9764,0.91969,0.85121,0.77162,0.68221,0.58492,0.48226,0.3774,0.2741,0.17692,0.09185,0.029975
0.061284,0.13653,0.21859,0.2999,0.37861,0.45365,0.52418,0.58952,0.64915,0.70269,0.74993,0.79085,0.82562,0.85462,0.87839,0.89764,0.91319,0.92588,0.93645,0.94551,0.95336,0.95995,0.96483,0.96717,0.96583,0.95946,0.94661,0.92591,0.89618,0.85658,0.80665,0.74644,0.67654,0.59806,0.5127,0.42268,0.33074,0.24019,0.15502,0.080481,0.026264
0.053915,0.12011,0.19228,0.26378,0.33296,0.39888,0.4608,0.51811,0.57036,0.61722,0.65851,0.6942,0.72447,0.74963,0.77019,0.78677,0.80008,0.81088,0.81982,0.82743,0.83399,0.83944,0.84341,0.84517,0.84372,0.83789,0.82643,0.80814,0.782,0.74727,0.70357,0.65094,0.58987,0.52137,0.4469,0.36839,0.28824,0.20931,0.13508,0.070127,0.022885
0.047114,0.10496,0.16801,0.23045,0.29086,0.34838,0.40238,0.45233,0.49782,0.53856,0.57441,0.60535,0.63153,0.65324,0.67091,0.68509,0.69643,0.70556,0.71307,0.71943,0.72486,0.72935,0.73254,0.73383,0.73235,0.72707,0.71692,0.70087,0.67804,0.64778,0.60977,0.56405,0.51105,0.45164,0.38708,0.31904,0.24961,0.18125,0.11697,0.060718,0.019814
0.040855,0.091011,0.14568,0.1998,0.25214,0.30196,0.34869,0.39189,0.43119,0.46636,0.49726,0.52389,0.54637,0.56496,0.58004,0.5921,0.60168,0.60935,0.61562,0.62089,0.62537,0.62902,0.63157,0.63248,0.63101,0.62628,0.61738,0.6034,0.58361,0.55744,0.52463,0.4852,0.43955,0.38839,0.33283,0.2743,0.21458,0.1558,0.10054,0.052191,0.017031
0.035114,0.078221,0.12519,0.17169,0.21664,0.25941,0.2995,0.33654,0.37021,0.4003,0.42671,0.44943,0.46857,0.48436,0.49713,0.5073,0.51534,0.52173,0.52693,0.53126,0.53491,0.53786,0.53988,0.54049,0.53908,0.5349,0.52715,0.5151,0.49809,0.47566,0.44757,0.41387,0.37486,0.33119,0.28378,0.23385,0.18292,0.13281,0.085697,0.044484,0.014516
0.02987,0.066536,0.10649,0.14603,0.18423,0.22057,0.25462,0.28605,0.3146,0.3401,0.36244,0.38164,0.39778,0.41106,0.42177,0.43027,0.43695,0.44223,0.44649,0.45002,0.45297,0.45533,0.4569,0.4573,0.45598,0.45232,0.44566,0.43537,0.4209,0.40187,0.37807,0.34954,0.31655,0.27964,0.23958,0.19741,0.1544,0.11209,0.072328,0.037543,0.012251
0.025102,0.055913,0.089481,0.1227,0.15478,0.18528,0.21385,0.24021,0.26413,0.28548,0.30416,0.32019,0.33365,0.3447,0.35358,0.36059,0.36609,0.3704,0.37386,0.3767,0.37907,0.38094,0.38214,0.38237,0.38117,0.37802,0.37237,0.36369,0.35154,0.33558,0.31565,0.29179,0.26421,0.23337,0.19992,0.16471,0.12882,0.093516,0.060338,0.031318,0.010219
0.020792,0.046311,0.074111,0.10161,0.12817,0.15341,0.17704,0.19883,0.21859,0.23621,0.25162,0.26482,0.27588,0.28494,0.29221,0.29793,0.30238,0.30586,0.30863,0.3109,0.31276,0.31422,0.31514,0.31525,0.31418,0.31152,0.3068,0.29959,0.28952,0.27632,0.25987,0.24019,0.21746,0.19206,0.16451,0.13553,0.10599,0.076936,0.049638,0.025764,0.0084067
0.016923,0.037694,0.060317,0.082695,0.1043,0.12483,0.14404,0.16174,0.17778,0.19208,0.20456,0.21525,0.22419,0.2315,0.23735,0.24194,0.24549,0.24826,0.25044,0.25222,0.25367,0.25479,0.25548,0.2555,0.25459,0.25237,0.2485,0.24261,0.23442,0.2237,0.21035,0.19439,0.17598,0.1554,0.1331,0.10964,0.085738,0.062233,0.04015,0.020839,0.0067996
0.013482,0.030028,0.048049,0.06587,0.083074,0.099413,0.1147,0.12878,0.14153,0.15288,0.16279,0.17127,0.17834,0.18412,0.18873,0.19234,0.19512,0.19727,0.19896,0.20033,0.20144,0.20229,0.20278,0.20277,0.202,0.2002,0.19709,0.19239,0.18586,0.17734,0.16673,0.15407,0.13945,0.12314,0.10545,0.086863,0.067921,0.049299,0.031804,0.016507,0.005386
0.010454,0.023285,0.037257,0.051074,0.064409,0.077069,0.088909,0.09981,0.10968,0.11846,0.12612,0.13266,0.13812,0.14257,0.14611,0.14887,0.151,0.15263,0.15391,0.15493,0.15576,0.15638,0.15674,0.1567,0.15607,0.15466,0.15223,0.14858,0.14352,0.13692,0.12871,0.11892,0.10763,0.095028,0.081376,0.067025,0.052407,0.038036,0.024538,0.012735,0.0041552
0.0078298,0.017439,0.027903,0.038248,0.048231,0.057708,0.066567,0.07472,0.082101,0.088662,0.094382,0.099261,0.10333,0.10664,0.10927,0.11132,0.11288,0.11409,0.11502,0.11577,0.11636,0.11681,0.11705,0.117,0.11652,0.11545,0.11362,0.11088,0.10709,0.10215,0.096019,0.088704,0.080277,0.070871,0.060685,0.04998,0.039077,0.028361,0.018295,0.0094949,0.003098
0.0055982,0.012468,0.019949,0.027345,0.03448,0.041252,0.047581,0.053404,0.058673,0.063355,0.067434,0.070911,0.073808,0.076162,0.078029,0.079477,0.080585,0.08143,0.082085,0.082604,0.083017,0.083323,0.083486,0.083438,0.083082,0.082307,0.080994,0.07903,0.076319,0.072793,0.068417,0.0632,0.057191,0.050487,0.043228,0.035601,0.027833,0.0202,0.01303,0.0067624,0.0022064
0.0037511,0.0083543,0.013366,0.018321,0.023101,0.027636,0.031874,0.035772,0.039298,0.04243,0.045157,0.047481,0.049415,0.050985,0.052228,0.053191,0.053926,0.054485,0.054916,0.055256,0.055525,0.055723,0.055825,0.055786,0.055542,0.055018,0.054134,0.052816,0.051,0.048639,0.045712,0.042223,0.038206,0.033725,0.028875,0.023779,0.01859,0.013491,0.0087027,0.0045164,0.0014736
0.0022816,0.0050814,0.0081298,0.011143,0.01405,0.016807,0.019383,0.021753,0.023895,0.025798,0.027454,0.028864,0.030037,0.030988,0.031741,0.032323,0.032766,0.033102,0.033361,0.033564,0.033724,0.033841,0.033899,0.033873,0.033721,0.0334,0.032861,0.032058,0.030953,0.029519,0.027741,0.025622,0.023183,0.020463,0.017519,0.014427,0.011279,0.0081848,0.0052796,0.0027399,0.00089397
0.0011842,0.0026374,0.0042196,0.0057834,0.0072917,0.0087226,0.010059,0.011288,0.0124,0.013386,0.014244,0.014975,0.015583,0.016075,0.016464,0.016765,0.016993,0.017166,0.017299,0.017403,0.017485,0.017544,0.017573,0.017558,0.017478,0.017311,0.01703,0.016613,0.01604,0.015296,0.014373,0.013275,0.012011,0.010601,0.0090761,0.0074739,0.0058427,0.0042399,0.0027349,0.0014193,0.00046309
0.00045491,0.0010131,0.0016209,0.0022216,0.0028009,0.0033505,0.0038638,0.0043358,0.0047624,0.0051411,0.0054706,0.005751,0.005984,0.0061728,0.006322,0.0064371,0.0065245,0.0065906,0.0066411,0.0066807,0.0067118,0.0067341,0.006745,0.0067388,0.006708,0.0066434,0.0065354,0.0063752,0.0061549,0.0058691,0.0055151,0.0050935,0.0046083,0.0040674,0.0034821,0.0028674,0.0022415,0.0016266,0.0010492,0.0005445,0.00017766
9.0929E-05,0.00020251,0.00032399,0.00044405,0.00055985,0.00066969,0.00077229,0.00086661,0.00095187,0.0010275,0.0010934,0.0011494,0.0011959,0.0012336,0.0012634,0.0012864,0.0013038,0.001317,0.0013271,0.0013349,0.0013411,0.0013455,0.0013477,0.0013464,0.0013402,0.0013273,0.0013057,0.0012736,0.0012296,0.0011725,0.0011018,0.0010175,0.00092058,0.00081252,0.00069559,0.00057278,0.00044776,0.00032493,0.00020959,0.00010877,3.5488E-05
